3,1
3,3
10,231
10,101
10,93
10,121
10,273
10,265
9,5
8,14
8,11
8,18
12,3
12,2
12,1
11,29
11,28
11,27
11,26
20,2
20,1
11,25
20,3
11,24
11,23
11,22
11,21
11,20
11,19
11,18
11,17
11,16
11,15
19,2
19,1
11,13
19,3
11,12
11,11
11,10
11,9
11,8
11,7
11,6
11,5
11,4
11,3
11,2
11,1
10,313
10,312
10,311
10,310
10,309
10,308
10,307
10,306
10,305
10,304
10,303
10,302
10,301
10,300
10,299
10,298
10,297
10,296
10,295
10,294
10,293
10,292
10,291
10,290
10,289
10,288
10,287
10,286
10,285
10,284
10,283
10,282
10,281
10,280
10,279
10,278
10,277
10,274
10,223
10,207
10,177
10,163
10,137
10,127
10,113
10,112
10,80
10,73
18,1
10,72
18,3
10,10
10,8
10,3
10,2
10,1
9,7
9,6
9,4
9,3
